/home/opryan90/IEEE-Big-Data-2020/image.png,/home/opryan90/IEEE-Big-Data-2020/image.png,image.png 4 637 485 994 669 
/home/opryan90/IEEE-Big-Data-2020/image.png,image.png 4 637 485 994 669 3 1194 136 1600 472 3 150 118 1618 848 
/home/opryan90/IEEE-Big-Data-2020/image.png,image.png 4 637 485 994 669 3 1194 136 1600 472 3 150 118 1618 848 4 627 355 1486 1049 4 663 663 827 768 3 462 329 1475 1078 
/home/opryan90/IEEE-Big-Data-2020/image.png,image.png 4 638 484 993 670 3 1197 149 1601 461 4 642 364 1473 1041 3 169 142 1598 823 3 642 364 1473 1041 4 663 664 827 768 
/home/opryan90/IEEE-Big-Data-2020/image.png,image.png 4 640 493 996 665 3 1202 125 1588 488 4 514 445 1109 721 4 381 418 1393 750 3 391 301 1523 1099 4 183 780 409 924 4 664 672 831 767 4 403 292 1537 1105 
/home/opryan90/IEEE-Big-Data-2020/image.png,image.png 4 640 493 996 665 3 1202 125 1588 488 4 514 445 1109 721 4 381 418 1393 750 
/home/opryan90/IEEE-Big-Data-2020/image.png,image.png 4 640 493 996 665 3 1202 125 1588 488 4 514 445 1109 721 4 381 418 1393 750 
/home/opryan90/IEEE-Big-Data-2020/image.png,image.png 4 637 485 994 669 4 638 484 993 670 4 640 493 996 665 3 1202 125 1588 488 4 514 445 1109 721 4 381 418 1393 750 
/home/opryan90/IEEE-Big-Data-2020/image.png,image.png 4 637 485 994 669 4 638 484 993 670 4 640 493 996 665 3 1202 125 1588 488 4 514 445 1109 721 4 381 418 1393 750 3 391 301 1523 1099 4 183 780 409 924 4 664 672 831 767 4 403 292 1537 1105 4 1179 703 1412 907 
/home/opryan90/IEEE-Big-Data-2020/image.png,image.png 4 637 485 994 669 4 638 484 993 670 4 640 493 996 665 3 1202 125 1588 488 4 514 445 1109 721 4 381 418 1393 750 3 391 301 1523 1099 4 183 780 409 924 4 664 672 831 767 4 403 292 1537 1105 4 1179 703 1412 907 
/home/opryan90/IEEE-Big-Data-2020/image.png,image.png 4 637 485 994 669 4 638 484 993 670 4 640 493 996 665 3 1202 125 1588 488 4 514 445 1109 721 4 381 418 1393 750 3 391 301 1523 1099 
/home/opryan90/IEEE-Big-Data-2020/image.png,image.png 4 637 485 994 669 4 638 484 993 670 4 640 493 996 665 3 1202 125 1588 488 4 514 445 1109 721 4 381 418 1393 750 
/home/opryan90/IEEE-Big-Data-2020/image.png,image.png 4 637 485 994 669 4 638 484 993 670 4 640 493 996 665 3 1202 125 1588 488 4 514 445 1109 721 4 381 418 1393 750 3 391 301 1523 1099 
/home/opryan90/IEEE-Big-Data-2020/image.png,image.png 4 637 485 994 669 4 638 484 993 670 3 1197 149 1601 461 4 640 493 996 665 3 1194 136 1600 472 3 1202 125 1588 488 4 514 445 1109 721 4 381 418 1393 750 3 391 301 1523 1099 
/home/opryan90/IEEE-Big-Data-2020/image.png,image.png 4 637 485 994 669 4 638 484 993 670 3 1197 149 1601 461 4 640 493 996 665 3 1194 136 1600 472 3 1202 125 1588 488 4 514 445 1109 721 4 381 418 1393 750 3 391 301 1523 1099 
/home/opryan90/IEEE-Big-Data-2020/image.png,image.png 4 637 485 994 669 3 1197 149 1601 461 4 381 418 1393 750 3 391 301 1523 1099 
/home/opryan90/IEEE-Big-Data-2020/image.png,image.png 4 637 485 994 669 3 1197 149 1601 461 4 381 418 1393 750 
/home/opryan90/IEEE-Big-Data-2020/image.png,image.png 4 637 485 994 669 4 638 484 993 670 3 1197 149 1601 461 4 640 493 996 665 3 1194 136 1600 472 3 1202 125 1588 488 4 514 445 1109 721 4 381 418 1393 750 3 391 301 1523 1099 
/home/opryan90/IEEE-Big-Data-2020/image.png,image.png 4 631 488 961 655 4 631 488 961 655 4 184 787 411 913 4 184 787 411 913 4 654 498 959 664 4 654 498 959 664 3 -190 237 1789 925 4 1197 712 1400 884 4 1197 712 1400 884 4 648 652 838 776 4 648 652 838 776 4 629 487 1000 667 4 629 487 1000 667 4 637 485 994 669 4 637 485 994 669 4 637 485 994 669 3 1155 134 1609 484 3 1155 134 1609 484 3 1155 134 1609 484 4 638 484 993 670 4 638 484 993 670 4 638 484 993 670 4 638 484 993 670 4 638 484 993 670 4 638 484 993 670 3 1200 157 1600 454 3 1200 157 1600 454 3 1186 129 1601 482 3 1186 129 1601 482 1 185 792 412 910 1 185 792 412 910 3 -550 259 2312 904 3 -550 259 2312 904 3 -159 246 1764 926 3 -159 246 1764 926 3 172 157 1758 1003 4 682 438 1429 973 4 682 438 1429 973 3 1197 149 1601 461 3 1197 149 1601 461 3 1197 149 1601 461 3 1197 149 1601 461 3 1197 149 1601 461 3 1197 149 1601 461 4 640 493 996 665 4 640 493 996 665 4 640 493 996 665 3 1194 136 1600 472 3 1194 136 1600 472 3 1194 136 1600 472 1 180 720 407 921 4 637 492 999 665 4 637 492 999 665 3 1192 165 1620 452 3 1192 165 1620 452 3 1202 125 1588 488 3 1202 125 1588 488 3 1202 125 1588 488 4 514 445 1109 721 4 514 445 1109 721 4 514 445 1109 721 3 1202 132 1591 481 3 1202 132 1591 481 
/home/opryan90/IEEE-Big-Data-2020/image.png,image.png 4 631 488 961 655 4 631 488 961 655 4 184 787 411 913 4 184 787 411 913 4 654 498 959 664 4 654 498 959 664 3 -190 237 1789 925 4 1197 712 1400 884 4 1197 712 1400 884 4 648 652 838 776 4 648 652 838 776 4 629 487 1000 667 4 629 487 1000 667 4 637 485 994 669 4 637 485 994 669 4 637 485 994 669 3 1155 134 1609 484 3 1155 134 1609 484 3 1155 134 1609 484 4 638 484 993 670 4 638 484 993 670 4 638 484 993 670 4 638 484 993 670 4 638 484 993 670 4 638 484 993 670 3 1200 157 1600 454 3 1200 157 1600 454 3 1186 129 1601 482 3 1186 129 1601 482 1 185 792 412 910 1 185 792 412 910 3 -550 259 2312 904 3 -550 259 2312 904 3 -159 246 1764 926 3 -159 246 1764 926 3 172 157 1758 1003 4 682 438 1429 973 4 682 438 1429 973 3 1197 149 1601 461 3 1197 149 1601 461 3 1197 149 1601 461 3 1197 149 1601 461 3 1197 149 1601 461 3 1197 149 1601 461 4 640 493 996 665 4 640 493 996 665 4 640 493 996 665 3 1194 136 1600 472 3 1194 136 1600 472 3 1194 136 1600 472 1 180 720 407 921 4 637 492 999 665 4 637 492 999 665 3 1192 165 1620 452 3 1192 165 1620 452 3 1202 125 1588 488 3 1202 125 1588 488 3 1202 125 1588 488 4 514 445 1109 721 4 514 445 1109 721 4 514 445 1109 721 3 1202 132 1591 481 3 1202 132 1591 481 
/home/opryan90/IEEE-Big-Data-2020/potholeinference.jpg,potholeinference.jpg 3 -24 8 560 384 3 -24 8 560 384 3 -89 15 621 372 3 -7 -14 536 404 3 -41 7 574 383 3 -46 -75 579 436 3 2 7 531 386 3 -120 27 663 144 3 -120 27 663 144 3 -120 27 663 144 3 -120 27 663 144 3 -120 27 663 144 3 -120 27 663 144 3 -279 -29 817 421 3 -279 -29 817 421 3 -207 26 746 150 3 -207 26 746 150 3 -144 25 686 147 3 -144 25 686 147 3 -144 25 686 147 3 -181 55 717 343 3 -181 55 717 343 3 -181 55 717 343 3 -181 55 717 343 3 -181 55 717 343 3 -181 55 717 343 3 -133 30 672 216 3 -133 30 672 216 3 -133 30 672 216 3 -223 45 758 354 3 -223 45 758 354 3 -223 45 758 354 3 -197 0 775 279 3 -197 0 775 279 3 -126 30 669 142 3 -126 30 669 142 3 -86 1 620 207 3 -92 66 636 178 3 -92 66 636 178 3 -92 66 636 178 3 -92 66 636 178 3 -92 66 636 178 3 -92 66 636 178 3 -215 71 750 363 3 -215 71 750 363 3 -44 44 588 231 3 -44 44 588 231 
/home/opryan90/IEEE-Big-Data-2020/potholeinference.jpg,potholeinference.jpg 4 263 208 334 260 4 263 208 334 260 4 256 217 277 240 4 256 217 277 240 4 264 216 333 259 4 264 216 333 259 4 264 216 333 259 4 263 208 334 259 4 263 208 334 259 4 263 208 334 259 4 255 218 277 241 4 255 218 277 241 4 267 210 331 265 4 267 210 331 265 4 256 347 278 359 4 256 347 278 359 4 178 154 229 182 4 178 154 229 182 4 178 154 229 182 4 286 217 317 248 4 286 217 317 248 4 256 219 277 239 4 256 219 277 239 4 254 217 278 242 4 254 217 278 242 4 254 217 278 242 4 254 217 278 242 4 254 217 278 242 4 254 217 278 242 4 178 154 229 183 4 178 154 229 183 4 257 219 277 238 4 257 219 277 238 4 256 219 277 239 4 256 219 277 239 4 256 219 277 239 4 284 212 320 254 4 284 212 320 254 4 284 212 320 254 4 284 212 320 254 4 284 212 320 254 4 284 212 320 254 4 286 216 317 250 4 286 216 317 250 4 253 204 279 241 4 253 204 279 241 4 253 204 279 241 4 253 204 279 241 4 253 204 279 241 4 253 204 279 241 4 257 219 277 239 4 257 219 277 239 4 257 219 277 239 4 264 205 333 266 4 264 205 333 266 4 264 205 333 266 4 264 205 333 266 4 264 205 333 266 4 264 205 333 266 4 242 182 301 250 4 242 182 301 250 4 242 182 301 250 4 242 182 301 250 4 242 182 301 250 4 242 182 301 250 4 253 204 279 241 4 253 204 279 241 4 253 204 279 241 4 174 154 234 201 4 174 154 234 201 4 174 154 234 201 4 253 206 278 241 4 253 206 278 241 4 255 344 280 362 4 255 344 280 362 4 276 181 301 202 4 276 181 301 202 4 283 212 321 254 4 283 212 321 254 4 283 212 321 254 4 173 155 235 200 4 173 155 235 200 
/home/opryan90/IEEE-Big-Data-2020/image.png,image.png 4 529 326 671 407 4 529 326 671 407 4 515 341 557 376 4 515 341 557 376 4 530 339 670 407 4 530 339 670 407 4 530 339 670 407 4 529 326 671 406 4 529 326 671 406 4 529 326 671 406 4 513 342 557 378 4 513 342 557 378 4 537 330 666 416 4 537 330 666 416 4 513 543 559 563 4 513 543 559 563 4 358 241 460 286 4 358 241 460 286 4 358 241 460 286 4 574 340 637 388 4 574 340 637 388 4 514 343 556 374 4 514 343 556 374 4 511 341 559 379 4 511 341 559 379 4 511 341 559 379 4 511 341 559 379 4 511 341 559 379 4 511 341 559 379 4 358 241 460 286 4 358 241 460 286 4 517 344 556 373 4 517 344 556 373 4 515 343 556 374 4 515 343 556 374 4 515 343 556 374 4 570 333 644 398 4 570 333 644 398 4 570 333 644 398 4 570 333 644 398 4 570 333 644 398 4 570 333 644 398 4 576 338 636 391 4 576 338 636 391 4 508 319 561 378 4 508 319 561 378 4 508 319 561 378 4 508 319 561 378 4 508 319 561 378 4 508 319 561 378 4 516 343 557 374 4 516 343 557 374 4 516 343 557 374 4 531 322 669 416 4 531 322 669 416 4 531 322 669 416 4 531 322 669 416 4 531 322 669 416 4 531 322 669 416 4 487 286 605 392 4 487 286 605 392 4 487 286 605 392 4 487 286 605 392 4 487 286 605 392 4 487 286 605 392 4 509 321 561 377 4 509 321 561 377 4 509 321 561 377 4 350 241 471 315 4 350 241 471 315 4 350 241 471 315 4 508 323 558 378 4 508 323 558 378 4 512 539 562 567 4 512 539 562 567 4 555 283 605 317 4 555 283 605 317 4 570 332 645 398 4 570 332 645 398 4 570 332 645 398 4 349 243 471 314 4 349 243 471 314 
/home/opryan90/IEEE-Big-Data-2020/image.png,image.png 4 529 326 671 407 4 529 326 671 407 4 515 341 557 376 4 515 341 557 376 4 530 339 670 407 4 530 339 670 407 4 530 339 670 407 4 529 326 671 406 4 529 326 671 406 4 529 326 671 406 4 513 342 557 378 4 513 342 557 378 4 537 330 666 416 4 537 330 666 416 4 513 543 559 563 4 513 543 559 563 4 358 241 460 286 4 358 241 460 286 4 358 241 460 286 4 574 340 637 388 4 574 340 637 388 4 514 343 556 374 4 514 343 556 374 4 511 341 559 379 4 511 341 559 379 4 511 341 559 379 4 511 341 559 379 4 511 341 559 379 4 511 341 559 379 4 358 241 460 286 4 358 241 460 286 4 517 344 556 373 4 517 344 556 373 4 515 343 556 374 4 515 343 556 374 4 515 343 556 374 4 570 333 644 398 4 570 333 644 398 4 570 333 644 398 4 570 333 644 398 4 570 333 644 398 4 570 333 644 398 4 576 338 636 391 4 576 338 636 391 4 508 319 561 378 4 508 319 561 378 4 508 319 561 378 4 508 319 561 378 4 508 319 561 378 4 508 319 561 378 4 516 343 557 374 4 516 343 557 374 4 516 343 557 374 4 531 322 669 416 4 531 322 669 416 4 531 322 669 416 4 531 322 669 416 4 531 322 669 416 4 531 322 669 416 4 487 286 605 392 4 487 286 605 392 4 487 286 605 392 4 487 286 605 392 4 487 286 605 392 4 487 286 605 392 4 509 321 561 377 4 509 321 561 377 4 509 321 561 377 4 350 241 471 315 4 350 241 471 315 4 350 241 471 315 4 508 323 558 378 4 508 323 558 378 4 512 539 562 567 4 512 539 562 567 4 555 283 605 317 4 555 283 605 317 4 570 332 645 398 4 570 332 645 398 4 570 332 645 398 4 349 243 471 314 4 349 243 471 314 4 552 283 603 317 4 552 283 603 317 4 530 320 669 416 4 530 320 669 416 4 530 320 669 416 4 529 323 670 417 4 529 323 670 417 4 575 353 646 404 4 575 353 646 404 4 573 348 645 407 4 573 348 645 407 4 500 300 565 366 4 500 300 565 366 4 485 286 609 393 4 485 286 609 393 4 485 286 609 393 4 479 284 616 394 4 479 284 616 394 4 512 324 560 375 4 512 324 560 375 4 508 321 560 378 4 508 321 560 378 4 575 282 610 304 4 575 282 610 304 4 480 288 618 394 4 480 288 618 394 4 480 288 618 394 4 576 282 610 304 4 576 282 610 304 4 576 282 610 304 4 576 282 610 304 4 576 282 610 304 4 576 282 610 304 4 489 290 599 388 4 489 290 599 388 4 479 287 618 396 4 479 287 618 396 4 574 282 611 304 4 574 282 611 304 3 462 119 535 197 3 462 119 535 197 
/home/opryan90/IEEE-Big-Data-2020/image.png,image.png 4 529 326 671 407 4 529 326 671 407 4 515 341 557 376 4 515 341 557 376 4 530 339 670 407 4 530 339 670 407 4 530 339 670 407 4 529 326 671 406 4 529 326 671 406 4 529 326 671 406 4 513 342 557 378 4 513 342 557 378 4 537 330 666 416 4 537 330 666 416 4 513 543 559 563 4 513 543 559 563 4 358 241 460 286 4 358 241 460 286 4 358 241 460 286 4 574 340 637 388 4 574 340 637 388 4 514 343 556 374 4 514 343 556 374 4 511 341 559 379 4 511 341 559 379 4 511 341 559 379 4 511 341 559 379 4 511 341 559 379 4 511 341 559 379 4 358 241 460 286 4 358 241 460 286 4 517 344 556 373 4 517 344 556 373 4 515 343 556 374 4 515 343 556 374 4 515 343 556 374 4 570 333 644 398 4 570 333 644 398 4 570 333 644 398 4 570 333 644 398 4 570 333 644 398 4 570 333 644 398 4 576 338 636 391 4 576 338 636 391 4 508 319 561 378 4 508 319 561 378 4 508 319 561 378 4 508 319 561 378 4 508 319 561 378 4 508 319 561 378 4 516 343 557 374 4 516 343 557 374 4 516 343 557 374 4 531 322 669 416 4 531 322 669 416 4 531 322 669 416 4 531 322 669 416 4 531 322 669 416 4 531 322 669 416 4 487 286 605 392 4 487 286 605 392 4 487 286 605 392 4 487 286 605 392 4 487 286 605 392 4 487 286 605 392 4 509 321 561 377 4 509 321 561 377 4 509 321 561 377 4 350 241 471 315 4 350 241 471 315 4 350 241 471 315 4 508 323 558 378 4 508 323 558 378 4 512 539 562 567 4 512 539 562 567 4 555 283 605 317 4 555 283 605 317 4 570 332 645 398 4 570 332 645 398 4 570 332 645 398 4 349 243 471 314 4 349 243 471 314 4 552 283 603 317 4 552 283 603 317 4 530 320 669 416 4 530 320 669 416 4 530 320 669 416 4 529 323 670 417 4 529 323 670 417 4 575 353 646 404 4 575 353 646 404 4 573 348 645 407 4 573 348 645 407 4 500 300 565 366 4 500 300 565 366 4 485 286 609 393 4 485 286 609 393 4 485 286 609 393 4 479 284 616 394 4 479 284 616 394 4 512 324 560 375 4 512 324 560 375 4 508 321 560 378 4 508 321 560 378 4 575 282 610 304 4 575 282 610 304 4 480 288 618 394 4 480 288 618 394 4 480 288 618 394 4 576 282 610 304 4 576 282 610 304 4 576 282 610 304 4 576 282 610 304 4 576 282 610 304 4 576 282 610 304 4 489 290 599 388 4 489 290 599 388 4 479 287 618 396 4 479 287 618 396 4 574 282 611 304 4 574 282 611 304 3 462 119 535 197 3 462 119 535 197 4 355 241 461 285 4 355 241 461 285 4 537 336 637 386 4 537 336 637 386 4 508 324 558 378 4 508 324 558 378 4 554 282 603 318 4 554 282 603 318 4 501 298 565 371 4 501 298 565 371 4 513 341 558 378 4 513 341 558 378 4 513 341 558 378 4 508 323 559 378 4 508 323 559 378 4 508 323 559 378 4 357 242 460 285 4 357 242 460 285 4 475 293 619 388 4 475 293 619 388 4 475 293 619 388 4 517 542 568 565 4 517 542 568 565 4 517 542 568 565 4 580 339 623 381 4 580 339 623 381 4 580 339 623 381 4 580 339 623 381 4 580 339 623 381 4 580 339 623 381 4 496 295 682 401 4 496 295 682 401 4 538 336 636 385 4 538 336 636 385 4 538 336 636 385 4 563 357 657 423 4 563 357 657 423 4 520 305 570 341 4 520 305 570 341 4 357 242 461 285 4 357 242 461 285 4 357 242 461 285 4 357 242 461 285 4 357 242 461 285 4 357 242 461 285 4 502 297 566 374 4 502 297 566 374 4 502 297 566 374 4 512 337 580 385 4 512 337 580 385 4 574 283 611 304 4 574 283 611 304 4 574 283 611 304 4 513 328 558 372 4 575 282 610 304 4 575 282 610 304 4 575 282 610 304 4 554 282 603 319 4 554 282 603 319 4 554 282 603 319 4 571 280 612 305 4 571 280 612 305 4 514 540 561 565 4 514 540 561 565 4 512 293 575 377 4 512 293 575 377 4 512 293 575 377 4 512 293 575 377 4 512 293 575 377 4 512 293 575 377 4 571 335 645 394 4 571 335 645 394 4 549 295 596 319 4 549 295 596 319 4 514 338 582 385 4 514 338 582 385 4 513 540 562 565 4 513 540 562 565 4 513 540 562 565 4 513 540 562 565 4 513 540 562 565 4 513 540 562 565 4 547 293 596 320 4 547 293 596 320 4 563 367 670 413 4 510 314 585 382 4 510 314 585 382 4 510 314 585 382 4 550 294 595 320 4 550 294 595 320 4 516 338 580 385 4 516 338 580 385 4 516 338 580 385 4 514 336 573 387 4 514 336 573 387 4 514 336 573 387 
/home/opryan90/IEEE-Big-Data-2020/image.png,image.png 4 529 326 671 407 4 529 326 671 407 4 515 341 557 376 4 515 341 557 376 4 530 339 670 407 4 530 339 670 407 4 530 339 670 407 4 529 326 671 406 4 529 326 671 406 4 529 326 671 406 4 513 342 557 378 4 513 342 557 378 4 537 330 666 416 4 537 330 666 416 4 513 543 559 563 4 513 543 559 563 4 358 241 460 286 4 358 241 460 286 4 358 241 460 286 4 574 340 637 388 4 574 340 637 388 4 514 343 556 374 4 514 343 556 374 4 511 341 559 379 4 511 341 559 379 4 511 341 559 379 4 511 341 559 379 4 511 341 559 379 4 511 341 559 379 4 358 241 460 286 4 358 241 460 286 4 517 344 556 373 4 517 344 556 373 4 515 343 556 374 4 515 343 556 374 4 515 343 556 374 4 570 333 644 398 4 570 333 644 398 4 570 333 644 398 4 570 333 644 398 4 570 333 644 398 4 570 333 644 398 
/home/opryan90/IEEE-Big-Data-2020/image.png,image.png 4 529 326 671 407 4 529 326 671 407 4 515 341 557 376 4 515 341 557 376 4 530 339 670 407 4 530 339 670 407 4 530 339 670 407 4 529 326 671 406 4 529 326 671 406 4 529 326 671 406 4 513 342 557 378 4 513 342 557 378 4 537 330 666 416 4 537 330 666 416 4 513 543 559 563 4 513 543 559 563 4 358 241 460 286 4 358 241 460 286 4 358 241 460 286 4 574 340 637 388 4 574 340 637 388 4 514 343 556 374 4 514 343 556 374 4 511 341 559 379 4 511 341 559 379 4 511 341 559 379 4 511 341 559 379 4 511 341 559 379 4 511 341 559 379 4 358 241 460 286 4 358 241 460 286 4 517 344 556 373 4 517 344 556 373 4 515 343 556 374 4 515 343 556 374 4 515 343 556 374 4 570 333 644 398 4 570 333 644 398 4 570 333 644 398 4 570 333 644 398 4 570 333 644 398 4 570 333 644 398 4 576 338 636 391 4 576 338 636 391 4 508 319 561 378 4 508 319 561 378 4 508 319 561 378 4 508 319 561 378 4 508 319 561 378 4 508 319 561 378 4 516 343 557 374 4 516 343 557 374 4 516 343 557 374 4 531 322 669 416 4 531 322 669 416 4 531 322 669 416 4 531 322 669 416 4 531 322 669 416 4 531 322 669 416 4 487 286 605 392 4 487 286 605 392 4 487 286 605 392 4 487 286 605 392 4 487 286 605 392 4 487 286 605 392 4 509 321 561 377 4 509 321 561 377 4 509 321 561 377 4 350 241 471 315 4 350 241 471 315 4 350 241 471 315 4 508 323 558 378 4 508 323 558 378 4 512 539 562 567 4 512 539 562 567 4 555 283 605 317 4 555 283 605 317 4 570 332 645 398 4 570 332 645 398 4 570 332 645 398 4 349 243 471 314 4 349 243 471 314 4 552 283 603 317 4 552 283 603 317 4 530 320 669 416 4 530 320 669 416 4 530 320 669 416 4 529 323 670 417 4 529 323 670 417 4 575 353 646 404 4 575 353 646 404 4 573 348 645 407 4 573 348 645 407 4 500 300 565 366 4 500 300 565 366 4 485 286 609 393 4 485 286 609 393 4 485 286 609 393 4 479 284 616 394 4 479 284 616 394 4 512 324 560 375 4 512 324 560 375 4 508 321 560 378 4 508 321 560 378 4 575 282 610 304 4 575 282 610 304 4 480 288 618 394 4 480 288 618 394 4 480 288 618 394 4 576 282 610 304 4 576 282 610 304 4 576 282 610 304 4 576 282 610 304 4 576 282 610 304 4 576 282 610 304 4 489 290 599 388 4 489 290 599 388 4 479 287 618 396 4 479 287 618 396 4 574 282 611 304 4 574 282 611 304 3 462 119 535 197 3 462 119 535 197 4 355 241 461 285 4 355 241 461 285 4 537 336 637 386 4 537 336 637 386 4 508 324 558 378 4 508 324 558 378 4 554 282 603 318 4 554 282 603 318 4 501 298 565 371 4 501 298 565 371 4 513 341 558 378 4 513 341 558 378 4 513 341 558 378 4 508 323 559 378 4 508 323 559 378 4 508 323 559 378 4 357 242 460 285 4 357 242 460 285 4 475 293 619 388 4 475 293 619 388 4 475 293 619 388 4 517 542 568 565 4 517 542 568 565 4 517 542 568 565 4 580 339 623 381 4 580 339 623 381 4 580 339 623 381 4 580 339 623 381 4 580 339 623 381 4 580 339 623 381 4 496 295 682 401 4 496 295 682 401 
/home/opryan90/IEEE-Big-Data-2020/image.png,image.png 4 529 326 671 407 4 529 326 671 407 4 515 341 557 376 4 515 341 557 376 4 530 339 670 407 4 530 339 670 407 4 530 339 670 407 4 529 326 671 406 4 529 326 671 406 4 529 326 671 406 4 513 342 557 378 4 513 342 557 378 4 537 330 666 416 4 537 330 666 416 4 513 543 559 563 4 513 543 559 563 4 358 241 460 286 4 358 241 460 286 4 358 241 460 286 4 574 340 637 388 4 574 340 637 388 4 514 343 556 374 4 514 343 556 374 4 511 341 559 379 4 511 341 559 379 4 511 341 559 379 4 511 341 559 379 4 511 341 559 379 4 511 341 559 379 4 358 241 460 286 4 358 241 460 286 4 517 344 556 373 4 517 344 556 373 4 515 343 556 374 4 515 343 556 374 4 515 343 556 374 4 570 333 644 398 4 570 333 644 398 4 570 333 644 398 4 570 333 644 398 4 570 333 644 398 4 570 333 644 398 4 576 338 636 391 4 576 338 636 391 4 508 319 561 378 4 508 319 561 378 4 508 319 561 378 4 508 319 561 378 4 508 319 561 378 4 508 319 561 378 4 516 343 557 374 4 516 343 557 374 4 516 343 557 374 4 531 322 669 416 4 531 322 669 416 4 531 322 669 416 4 531 322 669 416 4 531 322 669 416 4 531 322 669 416 4 487 286 605 392 4 487 286 605 392 4 487 286 605 392 4 487 286 605 392 4 487 286 605 392 4 487 286 605 392 4 509 321 561 377 4 509 321 561 377 4 509 321 561 377 4 350 241 471 315 4 350 241 471 315 4 350 241 471 315 4 508 323 558 378 4 508 323 558 378 4 512 539 562 567 4 512 539 562 567 4 555 283 605 317 4 555 283 605 317 4 570 332 645 398 4 570 332 645 398 4 570 332 645 398 4 349 243 471 314 4 349 243 471 314 4 552 283 603 317 4 552 283 603 317 4 530 320 669 416 4 530 320 669 416 4 530 320 669 416 4 529 323 670 417 4 529 323 670 417 4 575 353 646 404 4 575 353 646 404 4 573 348 645 407 4 573 348 645 407 4 500 300 565 366 4 500 300 565 366 
/home/opryan90/IEEE-Big-Data-2020/image.png,image.png 4 5 287 204 358 4 5 287 204 358 4 341 269 525 360 4 341 269 525 360 
/home/opryan90/IEEE-Big-Data-2020/image.png,image.png 4 5 287 204 358 4 5 287 204 358 4 341 269 525 360 4 341 269 525 360 4 1 286 211 359 4 1 286 211 359 
/home/opryan90/IEEE-Big-Data-2020/image.png,image.png 4 5 287 204 358 4 5 287 204 358 4 341 269 525 360 4 341 269 525 360 4 1 286 211 359 4 1 286 211 359 1 515 271 709 545 1 515 271 709 545 1 515 271 709 545 1 514 276 707 542 1 514 276 707 542 1 517 268 706 548 1 517 268 706 548 1 517 268 706 548 1 517 268 706 548 1 517 268 706 548 1 517 268 706 548 4 319 280 553 356 4 319 280 553 356 4 319 280 553 356 4 523 481 599 535 4 523 481 599 535 
/home/opryan90/IEEE-Big-Data-2020/image.png,image.png 3 468 745 1192 947 3 531 752 1191 957 3 531 752 1191 957 3 495 747 1221 957 3 495 747 1221 957 3 495 747 1221 957 3 428 759 1295 982 3 428 759 1295 982 3 428 759 1295 982 3 493 748 1222 958 3 493 748 1222 958 3 493 748 1222 958 3 493 748 1222 958 3 493 748 1222 958 3 493 748 1222 958 3 577 751 1153 956 3 577 751 1153 956 3 504 749 1217 949 3 504 749 1217 949 3 544 765 1177 971 3 544 765 1177 971 3 544 765 1177 971 3 534 764 1186 972 3 534 764 1186 972 3 479 761 1250 913 3 479 761 1250 913 3 503 725 1234 949 3 529 758 1194 939 3 534 746 1200 949 4 599 751 1127 945 3 541 753 1195 940 3 541 753 1195 940 2 477 832 622 857 2 477 832 622 857 2 483 833 617 857 2 483 833 617 857 4 424 734 1320 952 
